 2.49837e+00   7.07066e-01  -5.04263e-08 
 5.33271e-01   1.93294e+00  -6.43222e-08 
 4.41750e-01   1.96096e+00  -5.19756e-08 
 3.94594e-01   1.97316e+00  -7.90509e-08 
 3.63797e-01   1.98030e+00  -5.93216e-08 
 3.41353e-01   1.98509e+00  -7.59460e-08 
 3.23916e-01   1.98858e+00  -5.28319e-08 
 3.09784e-01   1.99126e+00  -6.89459e-08 
 2.97981e-01   1.99339e+00  -5.15355e-08 
 2.87901e-01   1.99514e+00  -4.39436e-08 
 2.79141e-01   1.99660e+00  -7.06042e-08 
 2.71420e-01   1.99785e+00  -6.26463e-08 
 2.64538e-01   1.99892e+00  -6.99873e-08 
 2.58345e-01   1.99987e+00  -7.79738e-08 
 2.52727e-01   2.00070e+00  -7.08117e-08 
 2.47595e-01   2.00144e+00  -7.84913e-08 
 2.42879e-01   2.00211e+00  -7.05633e-08 
 2.38524e-01   2.00272e+00  -7.44079e-08 
 2.34480e-01   2.00327e+00  -1.82753e-08 
 2.30713e-01   2.00377e+00  -4.36000e-08 
 2.27190e-01   2.00423e+00  -6.51552e-08 
 2.23884e-01   2.00466e+00  -6.74348e-08 
 2.20772e-01   2.00505e+00  -6.94513e-08 
 2.17835e-01   2.00542e+00  -7.73716e-08 
 2.15057e-01   2.00576e+00  -4.82846e-08 
 2.12422e-01   2.00608e+00  -6.01314e-08 
 2.09919e-01   2.00638e+00  -5.68898e-08 
 2.07535e-01   2.00666e+00  -7.19871e-08 
 2.05261e-01   2.00693e+00  -7.06181e-08 
 2.03088e-01   2.00718e+00  -6.29022e-08 
 2.01010e-01   2.00741e+00  -7.35318e-08 
 1.99017e-01   2.00764e+00  -5.94645e-08 
 1.97106e-01   2.00785e+00  -5.82790e-08 
 1.95269e-01   2.00805e+00  -5.23569e-08 
 1.93502e-01   2.00825e+00  -6.45086e-08 
 1.91800e-01   2.00843e+00  -6.22803e-08 
 1.90159e-01   2.00860e+00  -3.96331e-08 
 1.88576e-01   2.00877e+00  -7.05284e-08 
 1.87047e-01   2.00893e+00  -7.11966e-08 
 1.85568e-01   2.00909e+00  -6.67882e-08 
 1.84137e-01   2.00923e+00  -6.16003e-08 
 1.82751e-01   2.00938e+00  -4.83492e-08 
 1.81407e-01   2.00951e+00  -6.97467e-08 
 1.80105e-01   2.00964e+00  -4.34189e-08 
 1.78840e-01   2.00977e+00  -5.11417e-08 
 1.77612e-01   2.00989e+00  -5.25630e-08 
 1.76418e-01   2.01001e+00  -4.65740e-08 
 1.75257e-01   2.01012e+00  -4.16239e-08 
 1.74128e-01   2.01023e+00  -7.06374e-08 
 1.73028e-01   2.01033e+00  -7.64993e-08 
 1.71956e-01   2.01044e+00  -5.31255e-08 
 1.70912e-01   2.01054e+00  -5.31545e-08 
 1.69894e-01   2.01063e+00  -5.39919e-08 
 1.68901e-01   2.01072e+00  -7.00948e-08 
 1.67931e-01   2.01081e+00  -6.97980e-08 
 1.66984e-01   2.01090e+00  -6.21795e-08 
 1.66059e-01   2.01099e+00  -5.09440e-08 
 1.65156e-01   2.01107e+00  -4.08595e-08 
 1.64272e-01   2.01115e+00  -7.51704e-08 
 1.63407e-01   2.01123e+00  -6.44320e-08 
 1.62561e-01   2.01130e+00  -6.35272e-08 
 1.61734e-01   2.01138e+00  -2.34678e-09 
 1.60923e-01   2.01145e+00  -7.84022e-08 
 1.60129e-01   2.01152e+00  -6.07912e-08 
 1.59352e-01   2.01159e+00  -7.08007e-08 
 1.58589e-01   2.01165e+00  -5.02185e-08 
 1.57842e-01   2.01172e+00  -4.45628e-08 
 1.57109e-01   2.01178e+00  -6.93434e-08 
 1.56390e-01   2.01184e+00  -6.57453e-08 
 1.55685e-01   2.01190e+00  -6.49820e-08 
 1.54992e-01   2.01196e+00  -7.43240e-08 
 1.54312e-01   2.01202e+00  -6.03090e-08 
 1.53645e-01   2.01207e+00  -7.13192e-08 
 1.52989e-01   2.01213e+00  -5.20998e-08 
 1.52345e-01   2.01218e+00  -6.78254e-08 
 1.51712e-01   2.01223e+00  -6.22147e-08 
 1.51089e-01   2.01229e+00  -5.38416e-08 
 1.50478e-01   2.01234e+00  -7.69687e-08 
 1.49876e-01   2.01238e+00  -5.93521e-08 
 1.49284e-01   2.01243e+00  -4.89322e-08 
 1.48702e-01   2.01248e+00  -5.06613e-08 
 1.48129e-01   2.01253e+00  -7.58158e-08 
 1.47565e-01   2.01257e+00  -5.23480e-08 
 1.47010e-01   2.01262e+00  -7.46624e-08 
 1.46463e-01   2.01266e+00  -6.58255e-08 
 1.45925e-01   2.01270e+00  -7.05910e-08 
 1.45395e-01   2.01274e+00  -5.20260e-08 
 1.44873e-01   2.01279e+00  -4.73510e-08 
 1.44358e-01   2.01283e+00  -6.22823e-08 
 1.43851e-01   2.01286e+00  -6.87524e-08 
 1.43352e-01   2.01290e+00  -7.47306e-08 
 1.42859e-01   2.01294e+00  -4.05674e-08 
 1.42374e-01   2.01298e+00  -7.23541e-08 
 1.41895e-01   2.01302e+00  -5.41436e-08 
 1.41422e-01   2.01305e+00  -6.97162e-08 
 1.40957e-01   2.01309e+00  -7.83760e-08 
 1.40497e-01   2.01312e+00  -7.17942e-08 
 1.40044e-01   2.01316e+00  -6.42372e-08 
 1.39596e-01   2.01319e+00  -5.39678e-08 
 1.39155e-01   2.01322e+00  -4.84714e-08 
 1.38719e-01   2.01326e+00  -7.62495e-08 
 1.38289e-01   2.01329e+00  -5.05553e-08 
 1.37864e-01   2.01332e+00  -7.08731e-08 
 1.37445e-01   2.01335e+00  -5.97173e-08 
 1.37031e-01   2.01338e+00  -4.81840e-08 
 1.36622e-01   2.01341e+00  -4.50031e-08 
 1.36218e-01   2.01344e+00  -6.48214e-08 
 1.35819e-01   2.01347e+00  -6.10611e-08 
 1.35424e-01   2.01350e+00  -5.05744e-08 
 1.35035e-01   2.01353e+00  -5.35880e-08 
 1.34650e-01   2.01356e+00  -4.36977e-08 
 1.34269e-01   2.01358e+00  -7.75328e-08 
 1.33893e-01   2.01361e+00  -6.98609e-08 
 1.33521e-01   2.01364e+00  -4.49370e-08 
 1.33154e-01   2.01366e+00  -1.87685e-08 
 1.32790e-01   2.01369e+00  -4.75225e-08 
 1.32431e-01   2.01372e+00  -5.18129e-08 
 1.32075e-01   2.01374e+00  -6.91252e-08 
 1.31724e-01   2.01377e+00  -5.37133e-08 
 1.31376e-01   2.01379e+00  -6.07206e-09 
 1.31033e-01   2.01381e+00  -6.99686e-08 
 1.30692e-01   2.01384e+00  -4.57769e-08 
 1.30356e-01   2.01386e+00  -7.05066e-08 
 1.30023e-01   2.01388e+00  -7.57475e-08 
 1.29693e-01   2.01391e+00  -6.44545e-08 
 1.29367e-01   2.01393e+00  -7.01266e-08 
 1.29044e-01   2.01395e+00  -5.34949e-08 
 1.28725e-01   2.01397e+00  -6.80030e-08 
 1.28409e-01   2.01400e+00  -6.94547e-08 
 1.28096e-01   2.01402e+00  -4.85137e-08 
 1.27786e-01   2.01404e+00  -6.83090e-08 
 1.27479e-01   2.01406e+00  -1.59063e-08 
 1.27175e-01   2.01408e+00  -6.95684e-08 
 1.26875e-01   2.01410e+00  -5.82944e-09 
 1.26577e-01   2.01412e+00  -5.47408e-08 
 1.26282e-01   2.01414e+00  -8.46084e-08 
 1.25990e-01   2.01416e+00  -6.56800e-08 
 1.25700e-01   2.01418e+00  -6.51318e-08 
 1.25413e-01   2.01420e+00  -5.18075e-08 
 1.25129e-01   2.01422e+00  -6.46458e-08 
 1.24848e-01   2.01424e+00  -5.15193e-08 
 1.24569e-01   2.01426e+00  -6.77345e-08 
 1.24293e-01   2.01427e+00  -5.14829e-08 
 1.24019e-01   2.01429e+00  -1.31219e-08 
 1.23748e-01   2.01431e+00  -4.68182e-08 
 1.23479e-01   2.01433e+00  -5.95992e-08 
 1.23213e-01   2.01434e+00  -3.82436e-08 
 1.22948e-01   2.01436e+00  -5.13115e-08 
 1.22687e-01   2.01438e+00  -7.81888e-08 
 1.22427e-01   2.01440e+00  -4.24568e-08 
 1.22170e-01   2.01441e+00  -6.23136e-08 
 1.21915e-01   2.01443e+00  -7.01908e-08 
 1.21662e-01   2.01445e+00  -5.00236e-08 
 1.21411e-01   2.01446e+00  -8.08542e-08 
 1.21163e-01   2.01448e+00  -4.94286e-08 
 1.20916e-01   2.01449e+00  -6.46279e-08 
 1.20672e-01   2.01451e+00  -6.12368e-08 
 1.20429e-01   2.01453e+00  -6.99405e-08 
 1.20189e-01   2.01454e+00  -6.05782e-08 
 1.19951e-01   2.01456e+00  -6.65593e-08 
 1.19714e-01   2.01457e+00  -5.93157e-08 
 1.19479e-01   2.01459e+00  -4.92519e-08 
 1.19247e-01   2.01460e+00  -4.93012e-08 
 1.19016e-01   2.01461e+00  -4.92823e-08 
 1.18787e-01   2.01463e+00  -4.78184e-08 
 1.18560e-01   2.01464e+00  -6.42645e-08 
 1.18334e-01   2.01466e+00  -8.00820e-08 
 1.18110e-01   2.01467e+00  -6.29281e-08 
 1.17889e-01   2.01469e+00  -5.27941e-08 
 1.17668e-01   2.01470e+00  -4.75885e-08 
 1.17450e-01   2.01471e+00  -1.54079e-08 
 1.17233e-01   2.01473e+00  -6.22012e-08 
 1.17017e-01   2.01474e+00  -5.10123e-08 
 1.16804e-01   2.01475e+00  -7.06056e-08 
 1.16592e-01   2.01477e+00  -6.09948e-08 
 1.16381e-01   2.01478e+00  -7.06408e-08 
 1.16172e-01   2.01479e+00  -2.89634e-09 
 1.15965e-01   2.01480e+00  -6.25504e-08 
 1.15759e-01   2.01482e+00  -4.34868e-08 
 1.15555e-01   2.01483e+00  -7.01798e-08 
 1.15352e-01   2.01484e+00  -7.23232e-08 
 1.15150e-01   2.01485e+00  -7.68971e-08 
 1.14950e-01   2.01487e+00  -5.86726e-08 
 1.14752e-01   2.01488e+00  -4.97258e-08 
 1.14555e-01   2.01489e+00  -6.98650e-08 
 1.14359e-01   2.01490e+00  -6.30507e-08 
 1.14165e-01   2.01491e+00  -6.74629e-08 
 1.13971e-01   2.01493e+00  -4.33867e-08 
 1.13780e-01   2.01494e+00  -7.76881e-08 
 1.13589e-01   2.01495e+00  -7.40874e-08 
 1.13400e-01   2.01496e+00  -2.07871e-08 
 1.13212e-01   2.01497e+00  -7.00856e-08 
 1.13026e-01   2.01498e+00  -5.25119e-08 
 1.12841e-01   2.01499e+00  -7.55038e-08 
 1.12657e-01   2.01500e+00  -7.57389e-08 
 1.12474e-01   2.01502e+00  -5.29738e-08 
 1.12292e-01   2.01503e+00  -5.16075e-08 
 1.12112e-01   2.01504e+00  -4.85333e-08 
 1.11933e-01   2.01505e+00  -4.71751e-08 
 1.11755e-01   2.01506e+00  -6.39284e-08 
 1.11578e-01   2.01507e+00  -3.96561e-08 
 1.11402e-01   2.01508e+00  -6.99849e-08 
 1.11227e-01   2.01509e+00  -6.24877e-08 
 1.11054e-01   2.01510e+00  -6.59792e-08 
 1.10882e-01   2.01511e+00  -5.78190e-08 
 1.10710e-01   2.01512e+00  -6.26393e-08 
 1.10540e-01   2.01513e+00  -7.80338e-08 
 1.10371e-01   2.01514e+00  -4.85755e-08 
 1.10203e-01   2.01515e+00  -1.02069e-08 
 1.10036e-01   2.01516e+00  -4.99642e-08 
 1.09870e-01   2.01517e+00  -5.52156e-08 
 1.09705e-01   2.01518e+00  -6.11715e-08 
 1.09541e-01   2.01519e+00  -7.22786e-08 
 1.09378e-01   2.01520e+00  -6.48694e-08 
 1.09216e-01   2.01521e+00  -5.32035e-08 
 1.09055e-01   2.01522e+00  -7.89635e-08 
 1.08895e-01   2.01522e+00  -7.70838e-08 
 1.08736e-01   2.01523e+00  -5.17386e-08 
 1.08578e-01   2.01524e+00  -7.43695e-08 
 1.08421e-01   2.01525e+00  -7.23054e-08 
 1.08265e-01   2.01526e+00  -6.27771e-08 
 1.08109e-01   2.01527e+00  -4.41599e-08 
 1.07955e-01   2.01528e+00  -4.40385e-08 
 1.07802e-01   2.01529e+00  -7.91723e-08 
 1.07649e-01   2.01530e+00  -7.81614e-08 
 1.07497e-01   2.01530e+00  -7.02462e-08 
 1.07346e-01   2.01531e+00  -7.57261e-08 
 1.07196e-01   2.01532e+00  -8.89409e-09 
 1.07047e-01   2.01533e+00  -4.53757e-08 
 1.06899e-01   2.01534e+00  -7.02588e-08 
 1.06752e-01   2.01535e+00  -4.43302e-08 
 1.06605e-01   2.01535e+00  -7.52402e-08 
 1.06459e-01   2.01536e+00  -4.89367e-08 
 1.06314e-01   2.01537e+00  -6.05781e-08 
 1.06170e-01   2.01538e+00  -4.07649e-08 
 1.06027e-01   2.01539e+00  -7.19784e-08 
 1.05884e-01   2.01539e+00  -4.44132e-08 
 1.05743e-01   2.01540e+00  -7.54160e-08 
 1.05602e-01   2.01541e+00  -6.20637e-08 
 1.05461e-01   2.01542e+00  -6.24513e-08 
 1.05322e-01   2.01543e+00  -7.56944e-08 
 1.05183e-01   2.01543e+00  -5.31903e-08 
 1.05045e-01   2.01544e+00  -7.05745e-08 
 1.04908e-01   2.01545e+00  -7.38075e-08 
 1.04772e-01   2.01546e+00  -6.30562e-08 
 1.04636e-01   2.01546e+00  -4.09461e-08 
 1.04501e-01   2.01547e+00  -5.87818e-08 
 1.04367e-01   2.01548e+00  -7.01357e-08 
 1.04233e-01   2.01549e+00  -6.16981e-08 
 1.04100e-01   2.01549e+00  -4.91622e-08 
 1.03968e-01   2.01550e+00  -6.67119e-08 
 1.03836e-01   2.01551e+00  -7.00989e-08 
 1.03705e-01   2.01551e+00  -6.27078e-08 
 1.03575e-01   2.01552e+00  -6.20081e-08 
 1.03446e-01   2.01553e+00  -5.22517e-08 
 1.03317e-01   2.01553e+00  -7.81739e-08 
 1.03189e-01   2.01554e+00  -7.03005e-08 
 1.03061e-01   2.01555e+00  -6.61018e-08 
 1.02934e-01   2.01556e+00  -7.06310e-08 
 1.02808e-01   2.01556e+00  -6.99021e-08 
 1.02682e-01   2.01557e+00  -6.36640e-08 
 1.02557e-01   2.01558e+00  -6.24416e-08 
 1.02433e-01   2.01558e+00  -5.74533e-08 
 1.02309e-01   2.01559e+00  -5.84238e-08 
 1.02186e-01   2.01560e+00  -4.93981e-08 
 1.02063e-01   2.01560e+00  -5.08479e-08 
 1.01941e-01   2.01561e+00  -7.22911e-08 
 1.01820e-01   2.01562e+00  -6.27108e-08 
 1.01699e-01   2.01562e+00  -6.18765e-08 
 1.01579e-01   2.01563e+00  -6.82717e-08 
 1.01460e-01   2.01563e+00  -7.32562e-08 
 1.01341e-01   2.01564e+00  -4.56112e-08 
 1.01222e-01   2.01565e+00  -4.60432e-08 
 1.01104e-01   2.01565e+00  -7.13071e-08 
 1.00987e-01   2.01566e+00  -6.52388e-08 
 1.00870e-01   2.01567e+00  -7.10056e-08 
 1.00754e-01   2.01567e+00  -6.34568e-08 
 1.00638e-01   2.01568e+00  -4.65703e-08 
 1.00523e-01   2.01568e+00  -6.01754e-08 
 1.00409e-01   2.01569e+00  -6.36212e-08 
 1.00295e-01   2.01570e+00  -6.26961e-08 
 1.00181e-01   2.01570e+00  -7.06404e-08 
 1.00068e-01   2.01571e+00  -7.78408e-08 
 9.99555e-02   2.01571e+00  -7.78114e-08 
 9.98435e-02   2.01572e+00  -6.61172e-08 
 9.97321e-02   2.01573e+00  -4.91120e-08 
 9.96212e-02   2.01573e+00  -7.66074e-08 
 9.95107e-02   2.01574e+00  -5.98733e-08 
 9.94009e-02   2.01574e+00  -4.73918e-08 
 9.92914e-02   2.01575e+00  -4.91494e-08 
 9.91825e-02   2.01575e+00  -5.82602e-08 
 9.90740e-02   2.01576e+00  -5.64845e-08 
 9.89660e-02   2.01576e+00  -4.90871e-08 
 9.88585e-02   2.01577e+00  -7.41577e-08 
 9.87515e-02   2.01578e+00  -4.62293e-08 
 9.86449e-02   2.01578e+00  -5.47680e-08 
 9.85389e-02   2.01579e+00  -4.64297e-08 
 9.84333e-02   2.01579e+00  -5.07435e-08 
 9.83281e-02   2.01580e+00  -6.11343e-08 
 9.82235e-02   2.01580e+00  -6.20210e-08 
 9.81192e-02   2.01581e+00  -4.03922e-08 
 9.80154e-02   2.01581e+00  -5.88570e-08 
 9.79121e-02   2.01582e+00  -7.30611e-08 
 9.78094e-02   2.01582e+00  -6.48965e-08 
 9.77068e-02   2.01583e+00  -7.53660e-08 
 9.76048e-02   2.01583e+00  -6.27408e-08 
 9.75032e-02   2.01584e+00  -5.26945e-08 
 9.74021e-02   2.01584e+00  -4.62260e-08 
 9.73014e-02   2.01585e+00  -3.97718e-08 
 9.72011e-02   2.01585e+00  -7.34335e-08 
 9.71013e-02   2.01586e+00  -7.78032e-08 
 9.70018e-02   2.01586e+00  -4.97890e-08 
 9.69028e-02   2.01587e+00  -4.18802e-08 
 9.68042e-02   2.01587e+00  -7.01116e-08 
 9.67060e-02   2.01588e+00  -5.17806e-08 
 9.66082e-02   2.01588e+00  -5.34371e-08 
 9.65108e-02   2.01589e+00  -9.63450e-09 
 9.64139e-02   2.01589e+00  -6.82012e-08 
 9.63172e-02   2.01590e+00  -4.46469e-08 
 9.62210e-02   2.01590e+00  -8.53570e-09 
 9.61252e-02   2.01591e+00  -7.56356e-08 
 9.60298e-02   2.01591e+00  -7.02841e-08 
 9.59348e-02   2.01592e+00  -4.43337e-08 
 9.58401e-02   2.01592e+00  -4.57367e-08 
 9.57459e-02   2.01593e+00  -6.23938e-08 
 9.56520e-02   2.01593e+00  -6.12135e-08 
 9.55585e-02   2.01594e+00  -7.06406e-08 
 9.54653e-02   2.01594e+00  -6.27278e-08 
 9.53726e-02   2.01595e+00  -7.55024e-08 
 9.52802e-02   2.01595e+00  -4.00174e-08 
 9.51882e-02   2.01596e+00  -6.13525e-08 
 9.50965e-02   2.01596e+00  -7.51138e-08 
 9.50052e-02   2.01596e+00  -7.22090e-08 
 9.49142e-02   2.01597e+00  -4.92196e-08 
 9.48236e-02   2.01597e+00  -6.27083e-08 
 9.47334e-02   2.01598e+00  -4.77067e-08 
 9.46436e-02   2.01598e+00  -5.35099e-08 
 9.45540e-02   2.01599e+00  -6.42791e-08 
 9.44648e-02   2.01599e+00  -5.43164e-08 
 9.43759e-02   2.01600e+00  -7.06228e-08 
 9.42874e-02   2.01600e+00  -7.67219e-08 
 9.41993e-02   2.01600e+00  -4.69584e-08 
 9.41114e-02   2.01601e+00  -6.20025e-08 
 9.40239e-02   2.01601e+00  -6.21895e-08 
 9.39368e-02   2.01602e+00  -6.21746e-08 
 9.38499e-02   2.01602e+00  -5.78515e-08 
 9.37634e-02   2.01603e+00  -5.76629e-08 
 9.36773e-02   2.01603e+00  -4.32958e-08 
 9.35914e-02   2.01603e+00  -7.83239e-08 
 9.35058e-02   2.01604e+00  -4.16632e-08 
 9.34206e-02   2.01604e+00  -4.73194e-08 
 9.33357e-02   2.01605e+00  -6.25137e-08 
 9.32511e-02   2.01605e+00  -7.00243e-08 
 9.31669e-02   2.01605e+00  -7.84222e-08 
 9.30829e-02   2.01606e+00  -6.21184e-08 
 9.29992e-02   2.01606e+00  -6.26961e-08 
 9.29159e-02   2.01607e+00  -7.02917e-08 
 9.28328e-02   2.01607e+00  -6.80305e-08 
 9.27501e-02   2.01607e+00  -5.98121e-08 
 9.26677e-02   2.01608e+00  -4.82638e-08 
 9.25855e-02   2.01608e+00  -7.01473e-08 
 9.25037e-02   2.01609e+00  -6.60230e-08 
 9.24221e-02   2.01609e+00  -3.82818e-08 
 9.23409e-02   2.01609e+00  -5.40925e-08 
 9.22599e-02   2.01610e+00  -7.56809e-08 
 9.21792e-02   2.01610e+00  -6.53765e-08 
 9.20989e-02   2.01611e+00  -4.42483e-08 
 9.20188e-02   2.01611e+00  -6.19492e-08 
 9.19389e-02   2.01611e+00  -4.37385e-08 
 9.18594e-02   2.01612e+00  -5.55718e-08 
 9.17802e-02   2.01612e+00  -6.98233e-08 
 9.17012e-02   2.01612e+00  -6.30349e-08 
 9.16225e-02   2.01613e+00  -7.05747e-08 
 9.15441e-02   2.01613e+00  -6.97693e-08 
 9.14659e-02   2.01614e+00  -7.70001e-08 
 9.13881e-02   2.01614e+00  -4.51324e-08 
 9.13105e-02   2.01614e+00  -6.37086e-08 
 9.12331e-02   2.01615e+00  -5.01860e-08 
 9.11560e-02   2.01615e+00  -2.96277e-09 
 9.10793e-02   2.01615e+00  -4.43184e-08 
 9.10028e-02   2.01616e+00  -5.20425e-08 
 9.09265e-02   2.01616e+00  -7.06381e-08 
 9.08504e-02   2.01616e+00  -5.97934e-08 
 9.07747e-02   2.01617e+00  -5.25752e-08 
 9.06992e-02   2.01617e+00  -4.97170e-08 
 9.06240e-02   2.01618e+00  -6.27731e-08 
 9.05490e-02   2.01618e+00  -5.04590e-08 
 9.04742e-02   2.01618e+00  -7.04269e-08 
 9.03998e-02   2.01619e+00  -4.16764e-08 
 9.03255e-02   2.01619e+00  -5.13799e-08 
 9.02516e-02   2.01619e+00  -6.88029e-08 
 9.01778e-02   2.01620e+00  -7.27279e-08 
 9.01043e-02   2.01620e+00  -5.92694e-08 
 9.00311e-02   2.01620e+00  -6.44934e-08 
 8.99581e-02   2.01621e+00  -4.06139e-08 
 8.98854e-02   2.01621e+00  -6.19309e-08 
 8.98128e-02   2.01621e+00  -6.26922e-08 
 8.97405e-02   2.01622e+00  -6.37263e-08 
 8.96685e-02   2.01622e+00  -4.22819e-08 
 8.95969e-02   2.01622e+00  -7.07970e-08 
 8.95251e-02   2.01623e+00  -4.44566e-08 
 8.94537e-02   2.01623e+00  -4.16695e-08 
 8.93827e-02   2.01623e+00  -5.32905e-08 
 8.93118e-02   2.01624e+00  -7.84633e-08 
 8.92411e-02   2.01624e+00  -6.45962e-08 
 8.91707e-02   2.01624e+00  -6.14450e-08 
 8.91006e-02   2.01625e+00  -7.63854e-08 
 8.90306e-02   2.01625e+00  -4.80885e-08 
 8.89608e-02   2.01625e+00  -7.00703e-08 
 8.88913e-02   2.01626e+00  -7.30984e-08 
 8.88220e-02   2.01626e+00  -4.71905e-08 
 8.87529e-02   2.01626e+00  -6.57521e-08 
 8.86841e-02   2.01627e+00  -6.59541e-08 
 8.86154e-02   2.01627e+00  -6.39212e-08 
 8.85470e-02   2.01627e+00  -6.27885e-08 
 8.84788e-02   2.01627e+00  -5.30546e-08 
 8.84108e-02   2.01628e+00  -6.22713e-08 
 8.83430e-02   2.01628e+00  -7.71357e-08 
 8.82755e-02   2.01628e+00  -6.48338e-08 
 8.82081e-02   2.01629e+00  -7.01653e-08 
 8.81410e-02   2.01629e+00  -6.84818e-08 
 8.80740e-02   2.01629e+00  -4.58076e-08 
 8.80073e-02   2.01630e+00  -7.72508e-08 
 8.79408e-02   2.01630e+00  -7.89849e-08 
 8.78744e-02   2.01630e+00  -5.96958e-08 
 8.78083e-02   2.01631e+00  -4.86805e-08 
 8.77424e-02   2.01631e+00  -7.07498e-08 
 8.76767e-02   2.01631e+00  -6.78400e-08 
 8.76112e-02   2.01631e+00  -4.79526e-08 
 8.75459e-02   2.01632e+00  -7.69599e-08 
 8.74808e-02   2.01632e+00  -7.00719e-08 
 8.74159e-02   2.01632e+00  -6.16197e-08 
 8.73511e-02   2.01633e+00  -5.98081e-08 
 8.72866e-02   2.01633e+00  -4.67437e-08 
 8.72223e-02   2.01633e+00  -6.19070e-09 
 8.71581e-02   2.01633e+00  -4.92536e-08 
 8.70942e-02   2.01634e+00  -4.19460e-08 
 8.70305e-02   2.01634e+00  -6.96424e-08 
 8.69669e-02   2.01634e+00  -7.54209e-08 
 8.69035e-02   2.01635e+00  -4.64047e-08 
 8.68403e-02   2.01635e+00  -6.40301e-08 
 8.67773e-02   2.01635e+00  -6.22638e-08 
 8.67145e-02   2.01635e+00  -4.05469e-08 
 8.66519e-02   2.01636e+00  -4.47540e-08 
 8.65895e-02   2.01636e+00  -7.76751e-08 
 8.65272e-02   2.01636e+00  -5.22454e-08 
 8.64651e-02   2.01637e+00  -6.17359e-08 
 8.64032e-02   2.01637e+00  -4.81555e-08 
 8.63416e-02   2.01637e+00  -4.73851e-08 
 8.62800e-02   2.01637e+00  -4.77559e-08 
 8.62186e-02   2.01638e+00  -5.34874e-08 
 8.61575e-02   2.01638e+00  -6.22161e-08 
 8.60965e-02   2.01638e+00  -1.38769e-08 
 8.60357e-02   2.01638e+00  -4.66319e-08 
 8.59750e-02   2.01639e+00  -6.97707e-08 
 8.59145e-02   2.01639e+00  -6.86324e-08 
 8.58542e-02   2.01639e+00  -5.97189e-08 
 8.57941e-02   2.01640e+00  -5.32727e-08 
 8.57341e-02   2.01640e+00  -6.34402e-08 
 8.56744e-02   2.01640e+00  -4.40500e-08 
 8.56147e-02   2.01640e+00  -5.91112e-08 
 8.55553e-02   2.01641e+00  -6.52262e-08 
 8.54960e-02   2.01641e+00  -5.74641e-08 
 8.54369e-02   2.01641e+00  -6.71023e-08 
 8.53780e-02   2.01641e+00  -4.88319e-08 
 8.53192e-02   2.01642e+00  -5.18379e-08 
 8.52606e-02   2.01642e+00  -6.23741e-08 
 8.52021e-02   2.01642e+00  -5.26696e-08 
 8.51438e-02   2.01642e+00  -4.18686e-08 
 8.50857e-02   2.01643e+00  -7.88641e-08 
 8.50278e-02   2.01643e+00  -4.54154e-08 
 8.49700e-02   2.01643e+00  -7.47855e-08 
 8.49123e-02   2.01643e+00  -6.93532e-08 
 8.48549e-02   2.01644e+00  -7.09079e-08 
 8.47976e-02   2.01644e+00  -4.51321e-08 
 8.47404e-02   2.01644e+00  -6.23895e-08 
 8.46834e-02   2.01644e+00  -5.47300e-08 
 8.46265e-02   2.01645e+00  -6.91175e-08 
 8.45698e-02   2.01645e+00  -6.01614e-08 
 8.45133e-02   2.01645e+00  -4.68049e-08 
 8.44569e-02   2.01645e+00  -4.92547e-08 
 8.44007e-02   2.01646e+00  -7.92250e-08 
 8.43446e-02   2.01646e+00  -5.33067e-08 
 8.42887e-02   2.01646e+00  -6.45702e-08 
 8.42329e-02   2.01646e+00  -6.62147e-08 
 8.41773e-02   2.01647e+00  -7.31297e-08 
 8.41218e-02   2.01647e+00  -6.26877e-08 
 8.40665e-02   2.01647e+00  -6.65370e-08 
 8.40113e-02   2.01647e+00  -5.08777e-08 
 8.39563e-02   2.01648e+00  -4.38858e-08 
 8.39014e-02   2.01648e+00  -7.50935e-08 
 8.38466e-02   2.01648e+00  -7.01321e-08 
 8.37920e-02   2.01648e+00  -6.78040e-08 
 8.37376e-02   2.01649e+00  -7.09172e-08 
 8.36833e-02   2.01649e+00  -4.91694e-08 
 8.36291e-02   2.01649e+00  -7.06258e-08 
 8.35751e-02   2.01649e+00  -6.36037e-08 
 8.35212e-02   2.01649e+00  -7.41731e-08 
 8.34675e-02   2.01650e+00  -7.06647e-08 
 8.34139e-02   2.01650e+00  -6.47610e-08 
 8.33605e-02   2.01650e+00  -6.44188e-08 
 8.33072e-02   2.01650e+00  -8.05370e-08 
 8.32540e-02   2.01651e+00  -4.95577e-08 
 8.32009e-02   2.01651e+00  -6.20870e-08 
 8.31482e-02   2.01651e+00  -6.91688e-08 
 8.30953e-02   2.01651e+00  -6.25629e-08 
 8.30427e-02   2.01651e+00  -1.00788e-08 
 8.29902e-02   2.01652e+00  -7.51636e-08 
 8.29380e-02   2.01652e+00  -5.47613e-08 
 8.28856e-02   2.01652e+00  -8.11503e-08 
 8.28335e-02   2.01652e+00  -7.82743e-08 
 8.27816e-02   2.01653e+00  -8.18648e-08 
 8.27297e-02   2.01653e+00  -7.36693e-08 
 8.26781e-02   2.01653e+00  -7.65468e-08 
 8.26265e-02   2.01653e+00  -4.46820e-08 
 8.25751e-02   2.01653e+00  -5.00131e-08 
 8.25238e-02   2.01654e+00  -4.97338e-08 
 8.24726e-02   2.01654e+00  -4.72865e-08 
 8.24216e-02   2.01654e+00  -7.19197e-08 
 8.23707e-02   2.01654e+00  -6.36377e-08 
 8.23199e-02   2.01655e+00  -8.17420e-08 
 8.22693e-02   2.01655e+00  -5.07837e-08 
 8.22188e-02   2.01655e+00  -5.18699e-08 
 8.21684e-02   2.01655e+00  -5.20702e-08 
 8.21181e-02   2.01655e+00  -7.06922e-08 
 8.20679e-02   2.01656e+00  -4.90656e-08 
 8.20179e-02   2.01656e+00  -6.52633e-08 
 8.19680e-02   2.01656e+00  -6.67439e-09 
 8.19183e-02   2.01656e+00  -6.99972e-08 
 8.18686e-02   2.01656e+00  -3.77237e-08 
 8.18191e-02   2.01657e+00  -7.25825e-08 
 8.17697e-02   2.01657e+00  -6.39561e-08 
 8.17204e-02   2.01657e+00  -5.32636e-08 
 8.16712e-02   2.01657e+00  -5.79157e-08 
 8.16222e-02   2.01657e+00  -6.27079e-08 
 8.15733e-02   2.01658e+00  -6.26618e-08 
 8.15245e-02   2.01658e+00  -5.96855e-08 
 8.14758e-02   2.01658e+00  -6.35117e-08 
 8.14274e-02   2.01658e+00  -6.63609e-08 
 8.13788e-02   2.01659e+00  -4.15922e-08 
 8.13305e-02   2.01659e+00  -4.85852e-08 
 8.12822e-02   2.01659e+00  -4.16648e-08 
 8.12342e-02   2.01659e+00  -7.45195e-08 
 8.11862e-02   2.01659e+00  -5.12654e-08 
 8.11383e-02   2.01660e+00  -6.94593e-08 
 8.10906e-02   2.01660e+00  -7.69523e-08 
 8.10429e-02   2.01660e+00  -5.65124e-08 
 8.09954e-02   2.01660e+00  -7.80593e-08 
 8.09480e-02   2.01660e+00  -5.07336e-08 
 8.09007e-02   2.01661e+00  -5.33682e-08 
 8.08535e-02   2.01661e+00  -4.86760e-08 
 8.08064e-02   2.01661e+00  -4.72512e-08 
 8.07595e-02   2.01661e+00  -4.56468e-08 
 8.07127e-02   2.01661e+00  -6.23133e-08 
 8.06659e-02   2.01661e+00  -7.54874e-08 
 8.06193e-02   2.01662e+00  -7.34534e-08 
 8.05728e-02   2.01662e+00  -6.67848e-08 
 8.05264e-02   2.01662e+00  -6.93053e-08 
 8.04801e-02   2.01662e+00  -6.36395e-08 
 8.04339e-02   2.01662e+00  -5.64921e-08 
 8.03878e-02   2.01663e+00  -7.14839e-08 
 8.03419e-02   2.01663e+00  -4.70927e-08 
 8.02960e-02   2.01663e+00  -4.79688e-08 
 8.02502e-02   2.01663e+00  -4.86451e-08 
 8.02046e-02   2.01663e+00  -5.09251e-08 
 8.01590e-02   2.01664e+00  -7.74561e-08 
 8.01136e-02   2.01664e+00  -5.79024e-08 
 8.00682e-02   2.01664e+00  -6.24886e-08 
 8.00230e-02   2.01664e+00  -6.21188e-08 
 7.99779e-02   2.01664e+00  -7.04969e-08 
 7.99329e-02   2.01664e+00  -4.71644e-08 
 7.98879e-02   2.01665e+00  -1.54600e-08 
 7.98431e-02   2.01665e+00  -7.95837e-08 
 7.97984e-02   2.01665e+00  -6.39124e-08 
 7.97538e-02   2.01665e+00  -6.58088e-08 
 7.97093e-02   2.01665e+00  -6.50227e-08 
 7.96649e-02   2.01666e+00  -6.97553e-08 
 7.96206e-02   2.01666e+00  -5.41570e-08 
 7.95763e-02   2.01666e+00  -6.15974e-08 
 7.95322e-02   2.01666e+00  -6.12845e-08 
 7.94882e-02   2.01666e+00  -7.97900e-08 
 7.94443e-02   2.01666e+00  -5.04742e-08 
 7.94005e-02   2.01667e+00  -4.65812e-08 
 7.93568e-02   2.01667e+00  -5.98502e-08 
 7.93132e-02   2.01667e+00  -4.61802e-08 
 7.92696e-02   2.01667e+00  -5.69833e-08 
 7.92262e-02   2.01667e+00  -6.33337e-08 
 7.91829e-02   2.01668e+00  -4.87825e-08 
 7.91397e-02   2.01668e+00  -7.00424e-08 
 7.90965e-02   2.01668e+00  -6.11363e-08 
 7.90535e-02   2.01668e+00  -7.10033e-08 
 7.90106e-02   2.01668e+00  -7.51099e-08 
 7.89677e-02   2.01668e+00  -6.41260e-08 
 7.89250e-02   2.01669e+00  -5.23982e-08 
 7.88823e-02   2.01669e+00  -6.38762e-08 
 7.88397e-02   2.01669e+00  -4.99359e-08 
 7.87973e-02   2.01669e+00  -7.77280e-08 
 7.87549e-02   2.01669e+00  -6.95398e-08 
 7.87126e-02   2.01669e+00  -5.82473e-08 
 7.86704e-02   2.01670e+00  -7.12988e-08 
 7.86283e-02   2.01670e+00  -6.31753e-08 
 7.85863e-02   2.01670e+00  -7.52773e-08 
 7.85444e-02   2.01670e+00  -6.07265e-08 
 7.85026e-02   2.01670e+00  -5.48643e-08 
 7.84609e-02   2.01670e+00  -7.09033e-08 
 7.84192e-02   2.01671e+00  -6.05684e-08 
 7.83777e-02   2.01671e+00  -7.83399e-08 
 7.83362e-02   2.01671e+00  -6.16124e-08 
 7.82948e-02   2.01671e+00  -6.80573e-08 
 7.82536e-02   2.01671e+00  -5.32998e-08 
 7.82123e-02   2.01671e+00  -8.04957e-08 
 7.81712e-02   2.01672e+00  -4.49105e-08 
 7.81302e-02   2.01672e+00  -7.02194e-08 
 7.80893e-02   2.01672e+00  -4.66651e-08 
 7.80484e-02   2.01672e+00  -4.82609e-08 
 7.80076e-02   2.01672e+00  -5.04260e-08 
 7.79670e-02   2.01672e+00  -6.41581e-08 
 7.79264e-02   2.01673e+00  -7.11158e-08 
 7.78859e-02   2.01673e+00  -4.70203e-08 
 7.78455e-02   2.01673e+00  -5.20509e-08 
 7.78051e-02   2.01673e+00  -4.60985e-08 
 7.77649e-02   2.01673e+00  -6.75027e-08 
 7.77248e-02   2.01673e+00  -3.97306e-08 
 7.76847e-02   2.01674e+00  -4.33727e-08 
 7.76447e-02   2.01674e+00  -5.27505e-08 
 7.76048e-02   2.01674e+00  -7.05343e-08 
 7.75650e-02   2.01674e+00  -5.06839e-08 
 7.75252e-02   2.01674e+00  -5.23372e-08 
 7.74856e-02   2.01674e+00  -6.86346e-08 
 7.74460e-02   2.01675e+00  -5.18931e-08 
 7.74065e-02   2.01675e+00  -6.58846e-08 
 7.73671e-02   2.01675e+00  -7.67308e-08 
 7.73278e-02   2.01675e+00  -7.03241e-08 
 7.72885e-02   2.01675e+00  -6.45270e-08 
 7.72494e-02   2.01675e+00  -5.58297e-08 
 7.72103e-02   2.01675e+00  -6.12630e-08 
 7.71713e-02   2.01676e+00  -6.58682e-08 
 7.71324e-02   2.01676e+00  -7.12338e-08 
 7.70935e-02   2.01676e+00  -7.12282e-08 
 7.70549e-02   2.01676e+00  -7.03622e-08 
 7.70161e-02   2.01676e+00  -6.23312e-08 
 7.69774e-02   2.01676e+00  -4.88642e-08 
 7.69389e-02   2.01677e+00  -8.53786e-08 
 7.69005e-02   2.01677e+00  -4.68550e-08 
 7.68621e-02   2.01677e+00  -4.78533e-08 
 7.68238e-02   2.01677e+00  -7.67442e-08 
 7.67856e-02   2.01677e+00  -6.02691e-08 
 7.67475e-02   2.01677e+00  -6.48824e-08 
 7.67094e-02   2.01677e+00  -1.50013e-08 
 7.66714e-02   2.01678e+00  -4.95533e-08 
 7.66335e-02   2.01678e+00  -4.16721e-08 
 7.65957e-02   2.01678e+00  -6.45416e-08 
 7.65579e-02   2.01678e+00  -4.80660e-08 
 7.65202e-02   2.01678e+00  -7.02354e-08 
 7.64827e-02   2.01678e+00  -5.24953e-08 
 7.64451e-02   2.01678e+00  -7.05574e-08 
 7.64077e-02   2.01679e+00  -6.10811e-08 
 7.63703e-02   2.01679e+00  -2.08483e-08 
 7.63330e-02   2.01679e+00  -4.42166e-08 
 7.62958e-02   2.01679e+00  -4.96025e-08 
 7.62586e-02   2.01679e+00  -1.21335e-08 
 7.62215e-02   2.01679e+00  -4.81392e-08 
 7.61845e-02   2.01679e+00  -5.35749e-08 
 7.61475e-02   2.01680e+00  -4.81496e-08 
 7.61107e-02   2.01680e+00  -7.04529e-08 
 7.60739e-02   2.01680e+00  -7.13764e-08 
 7.60372e-02   2.01680e+00  -6.73391e-08 
 7.60005e-02   2.01680e+00  -6.34576e-08 
 7.59640e-02   2.01680e+00  -7.88092e-08 
 7.59275e-02   2.01680e+00  -6.22730e-08 
 7.58910e-02   2.01681e+00  -7.53445e-08 
 7.58547e-02   2.01681e+00  -7.22252e-08 
 7.58184e-02   2.01681e+00  -7.56571e-08 
 7.57822e-02   2.01681e+00  -6.39188e-08 
 7.57460e-02   2.01681e+00  -6.58628e-08 
 7.57099e-02   2.01681e+00  -5.22781e-08 
 7.56739e-02   2.01681e+00  -7.81270e-08 
 7.56380e-02   2.01682e+00  -6.81107e-08 
 7.56021e-02   2.01682e+00  -4.20581e-08 
 7.55664e-02   2.01682e+00  -6.52534e-08 
 7.55306e-02   2.01682e+00  -6.67939e-08 
 7.54949e-02   2.01682e+00  -4.55202e-08 
 7.54593e-02   2.01682e+00  -7.08927e-08 
 7.54238e-02   2.01682e+00  -5.64381e-08 
 7.53884e-02   2.01683e+00  -6.06779e-08 
 7.53530e-02   2.01683e+00  -6.91048e-08 
 7.53177e-02   2.01683e+00  -5.74688e-08 
 7.52824e-02   2.01683e+00  -6.21011e-08 
 7.52472e-02   2.01683e+00  -7.84907e-08 
 7.52121e-02   2.01683e+00  -4.43603e-08 
 7.51770e-02   2.01683e+00  -7.32746e-08 
 7.51420e-02   2.01683e+00  -4.75766e-08 
 7.51071e-02   2.01684e+00  -6.47540e-08 
 7.50723e-02   2.01684e+00  -4.63454e-08 
 7.50375e-02   2.01684e+00  -1.25059e-08 
 7.50028e-02   2.01684e+00  -4.61564e-08 
 7.49681e-02   2.01684e+00  -7.58535e-08 
 7.49336e-02   2.01684e+00  -4.73793e-08 
 7.48990e-02   2.01684e+00  -4.84298e-08 
 7.48645e-02   2.01685e+00  -7.18158e-08 
 7.48301e-02   2.01685e+00  -4.96228e-08 
 7.47958e-02   2.01685e+00  -5.09060e-08 
 7.47615e-02   2.01685e+00  -4.05610e-08 
 7.47273e-02   2.01685e+00  -5.17791e-08 
 7.46932e-02   2.01685e+00  -7.56122e-08 
 7.46591e-02   2.01685e+00  -6.19029e-08 
 7.46251e-02   2.01685e+00  -6.09127e-08 
 7.45911e-02   2.01686e+00  -4.33716e-08 
 7.45573e-02   2.01686e+00  -7.86682e-08 
 7.45234e-02   2.01686e+00  -6.02581e-08 
 7.44896e-02   2.01686e+00  -4.69917e-08 
 7.44560e-02   2.01686e+00  -4.85325e-08 
 7.44223e-02   2.01686e+00  -4.89302e-08 
 7.43888e-02   2.01686e+00  -4.26790e-08 
 7.43552e-02   2.01686e+00  -5.64612e-08 
 7.43218e-02   2.01687e+00  -6.95114e-08 
 7.42884e-02   2.01687e+00  -1.27424e-08 
 7.42551e-02   2.01687e+00  -5.52256e-08 
 7.42218e-02   2.01687e+00  -4.79555e-08 
 7.41886e-02   2.01687e+00  -6.05530e-08 
 7.41554e-02   2.01687e+00  -5.61311e-08 
 7.41223e-02   2.01687e+00  -5.71251e-08 
 7.40893e-02   2.01687e+00  -5.01154e-08 
 7.40563e-02   2.01688e+00  -7.52183e-08 
 7.40234e-02   2.01688e+00  -6.82094e-08 
 7.39906e-02   2.01688e+00  -7.69091e-08 
 7.39578e-02   2.01688e+00  -6.25395e-08 
 7.39251e-02   2.01688e+00  -7.01987e-08 
 7.38924e-02   2.01688e+00  -7.62104e-08 
 7.38597e-02   2.01688e+00  -5.30328e-08 
 7.38272e-02   2.01688e+00  -7.72907e-08 
 7.37947e-02   2.01689e+00  -4.33495e-08 
 7.37623e-02   2.01689e+00  -6.99300e-08 
 7.37299e-02   2.01689e+00  -3.96533e-08 
 7.36975e-02   2.01689e+00  -5.07248e-08 
 7.36653e-02   2.01689e+00  -5.40939e-08 
 7.36331e-02   2.01689e+00  -6.38005e-08 
 7.36009e-02   2.01689e+00  -4.56247e-08 
 7.35688e-02   2.01689e+00  -6.25015e-08 
 7.35368e-02   2.01690e+00  -5.60967e-08 
 7.35048e-02   2.01690e+00  -5.09666e-08 
 7.34729e-02   2.01690e+00  -5.16262e-08 
 7.34410e-02   2.01690e+00  -4.27539e-08 
 7.34092e-02   2.01690e+00  -6.53895e-08 
 7.33774e-02   2.01690e+00  -6.07463e-08 
 7.33458e-02   2.01690e+00  -6.46143e-08 
 7.33141e-02   2.01690e+00  -5.01012e-08 
 7.32825e-02   2.01691e+00  -7.02197e-08 
 7.32510e-02   2.01691e+00  -6.31383e-08 
 7.32195e-02   2.01691e+00  -7.86689e-08 
 7.31881e-02   2.01691e+00  -4.74004e-08 
 7.31567e-02   2.01691e+00  -6.34553e-08 
 7.31254e-02   2.01691e+00  -6.67781e-08 
 7.30942e-02   2.01691e+00  -7.17397e-08 
 7.30630e-02   2.01691e+00  -4.80862e-08 
 7.30318e-02   2.01691e+00  -7.01904e-08 
 7.30007e-02   2.01692e+00  -5.89885e-08 
 7.29697e-02   2.01692e+00  -6.06854e-08 
 7.29387e-02   2.01692e+00  -7.23887e-08 
 7.29077e-02   2.01692e+00  -7.02487e-08 
 7.28769e-02   2.01692e+00  -7.53127e-08 
 7.28460e-02   2.01692e+00  -6.93254e-08 
 7.28152e-02   2.01692e+00  -7.55597e-08 
 7.27845e-02   2.01692e+00  -6.20492e-08 
 7.27538e-02   2.01692e+00  -4.99467e-08 
 7.27232e-02   2.01693e+00  -5.96755e-08 
 7.26927e-02   2.01693e+00  -6.15728e-08 
 7.26622e-02   2.01693e+00  -4.78163e-08 
 7.26317e-02   2.01693e+00  -8.41686e-08 
 7.26013e-02   2.01693e+00  -5.01301e-08 
 7.25709e-02   2.01693e+00  -6.11437e-08 
 7.25406e-02   2.01693e+00  -7.05982e-08 
 7.25104e-02   2.01693e+00  -5.63357e-08 
 7.24802e-02   2.01693e+00  -5.00217e-08 
 7.24500e-02   2.01694e+00  -6.67562e-08 
 7.24199e-02   2.01694e+00  -7.64937e-08 
 7.23899e-02   2.01694e+00  -4.87574e-08 
 7.23599e-02   2.01694e+00  -4.88549e-08 
 7.23299e-02   2.01694e+00  -6.52585e-08 
 7.23000e-02   2.01694e+00  -7.98036e-08 
 7.22702e-02   2.01694e+00  -4.96260e-08 
 7.22404e-02   2.01694e+00  -6.26978e-08 
 7.22106e-02   2.01694e+00  -6.13795e-08 
 7.21809e-02   2.01695e+00  -6.95137e-08 
 7.21513e-02   2.01695e+00  -6.06418e-08 
 7.21217e-02   2.01695e+00  -4.61871e-08 
 7.20921e-02   2.01695e+00  -6.74053e-08 
 7.20627e-02   2.01695e+00  -6.93743e-08 
 7.20332e-02   2.01695e+00  -4.79566e-08 
 7.20038e-02   2.01695e+00  -6.04237e-08 
 7.19745e-02   2.01695e+00  -7.06192e-08 
 7.19451e-02   2.01695e+00  -6.43458e-08 
 7.19159e-02   2.01696e+00  -6.16763e-08 
 7.18867e-02   2.01696e+00  -6.26562e-08 
 7.18575e-02   2.01696e+00  -6.72416e-08 
 7.18284e-02   2.01696e+00  -6.01917e-08 
 7.17994e-02   2.01696e+00  -7.56945e-08 
 7.17704e-02   2.01696e+00  -5.69455e-08 
 7.17414e-02   2.01696e+00  -5.70228e-08 
 7.17124e-02   2.01696e+00  -4.88321e-08 
 7.16836e-02   2.01696e+00  -6.96963e-08 
 7.16548e-02   2.01697e+00  -6.68204e-08 
 7.16260e-02   2.01697e+00  -7.13563e-08 
 7.15972e-02   2.01697e+00  -6.27593e-08 
 7.15686e-02   2.01697e+00  -6.38704e-08 
 7.15399e-02   2.01697e+00  -7.13785e-08 
 7.15114e-02   2.01697e+00  -4.74136e-08 
 7.14828e-02   2.01697e+00  -5.97662e-08 
 7.14543e-02   2.01697e+00  -6.09420e-08 
 7.14258e-02   2.01697e+00  -4.52111e-08 
 7.13974e-02   2.01697e+00  -5.11307e-08 
 7.13691e-02   2.01698e+00  -7.63123e-08 
 7.13408e-02   2.01698e+00  -6.00698e-08 
 7.13125e-02   2.01698e+00  -6.74772e-08 
 7.12843e-02   2.01698e+00  -4.86256e-08 
 7.12561e-02   2.01698e+00  -4.54542e-08 
 7.12280e-02   2.01698e+00  -4.84034e-08 
 7.11999e-02   2.01698e+00  -3.90736e-08 
 7.11718e-02   2.01698e+00  -3.71847e-08 
 7.11438e-02   2.01698e+00  -4.78028e-08 
 7.11159e-02   2.01698e+00  -7.58398e-08 
 7.10880e-02   2.01699e+00  -5.34080e-08 
 7.10601e-02   2.01699e+00  -7.85918e-08 
 7.10323e-02   2.01699e+00  -6.70023e-08 
 7.10045e-02   2.01699e+00  -7.06148e-08 
 7.09768e-02   2.01699e+00  -5.27038e-08 
 7.09491e-02   2.01699e+00  -7.75445e-08 
 7.09215e-02   2.01699e+00  -6.85925e-08 
 7.08939e-02   2.01699e+00  -5.94876e-08 
 7.08663e-02   2.01699e+00  -4.65941e-08 
 7.08388e-02   2.01699e+00  -4.10183e-08 
 7.08114e-02   2.01700e+00  -4.85184e-08 
 7.07839e-02   2.01700e+00  -7.01357e-08 
 7.07565e-02   2.01700e+00  -3.79994e-08 
 7.07292e-02   2.01700e+00  -4.89636e-08 
 7.07019e-02   2.01700e+00  -6.02487e-08 
 7.06746e-02   2.01700e+00  -6.18366e-08 
 7.06474e-02   2.01700e+00  -6.99164e-08 
 7.06203e-02   2.01700e+00  -5.64237e-08 
 7.05932e-02   2.01700e+00  -7.29664e-08 
 7.05661e-02   2.01700e+00  -5.40315e-08 
 7.05390e-02   2.01701e+00  -5.14428e-08 
 7.05121e-02   2.01701e+00  -6.09131e-08 
 7.04851e-02   2.01701e+00  -6.56745e-08 
 7.04582e-02   2.01701e+00  -5.77958e-08 
 7.04313e-02   2.01701e+00  -6.99842e-08 
 7.04045e-02   2.01701e+00  -6.06632e-08 
 7.03777e-02   2.01701e+00  -6.29059e-08 
 7.03509e-02   2.01701e+00  -6.44986e-08 
 7.03242e-02   2.01701e+00  -6.99737e-08 
 7.02976e-02   2.01701e+00  -7.70131e-08 
 7.02709e-02   2.01701e+00  -6.98199e-08 
 7.02444e-02   2.01702e+00  -6.37060e-08 
 7.02178e-02   2.01702e+00  -5.29274e-08 
 7.01913e-02   2.01702e+00  -7.06641e-08 
 7.01648e-02   2.01702e+00  -6.07521e-08 
 7.01384e-02   2.01702e+00  -6.60135e-08 
 7.01120e-02   2.01702e+00  -6.25611e-08 
 7.00857e-02   2.01702e+00  -6.96564e-08 
 7.00594e-02   2.01702e+00  -5.36477e-08 
 7.00331e-02   2.01702e+00  -6.47472e-08 
 7.00069e-02   2.01702e+00  -5.11824e-08 
 6.99808e-02   2.01703e+00  -7.71135e-08 
 6.99546e-02   2.01703e+00  -1.37267e-08 
 6.99285e-02   2.01703e+00  -4.98947e-08 
 6.99025e-02   2.01703e+00  -5.44243e-08 
 6.98764e-02   2.01703e+00  -4.34334e-08 
 6.98505e-02   2.01703e+00  -7.23300e-08 
 6.98245e-02   2.01703e+00  -5.06546e-08 
 6.97986e-02   2.01703e+00  -7.06385e-08 
 6.97728e-02   2.01703e+00  -6.25625e-08 
 6.97470e-02   2.01703e+00  -5.65082e-08 
 6.97211e-02   2.01703e+00  -7.06081e-08 
 6.96954e-02   2.01704e+00  -6.08465e-08 
 6.96697e-02   2.01704e+00  -4.18207e-08 
 6.96440e-02   2.01704e+00  -6.24673e-09 
 6.96184e-02   2.01704e+00  -4.80405e-08 
 6.95928e-02   2.01704e+00  -6.31558e-08 
 6.95672e-02   2.01704e+00  -5.03766e-08 
 6.95417e-02   2.01704e+00  -7.41262e-08 
 6.95162e-02   2.01704e+00  -5.41635e-08 
 6.94908e-02   2.01704e+00  -1.13921e-08 
 6.94654e-02   2.01704e+00  -4.08269e-08 
 6.94400e-02   2.01704e+00  -7.06191e-08 
 6.94147e-02   2.01705e+00  -4.47429e-08 
 6.93894e-02   2.01705e+00  -7.06655e-08 
 6.93642e-02   2.01705e+00  -6.19608e-08 
 6.93390e-02   2.01705e+00  -6.93529e-08 
 6.93138e-02   2.01705e+00  -7.10008e-08 
 6.92886e-02   2.01705e+00  -6.20538e-08 
 6.92635e-02   2.01705e+00  -7.02093e-08 
 6.92385e-02   2.01705e+00  -6.32131e-08 
 6.92134e-02   2.01705e+00  -6.14861e-08 
 6.91884e-02   2.01705e+00  -6.46821e-08 
 6.91635e-02   2.01705e+00  -4.65110e-08 
 6.91386e-02   2.01705e+00  -4.98720e-08 
 6.91137e-02   2.01706e+00  -6.39925e-08 
 6.90888e-02   2.01706e+00  -4.09615e-08 
 6.90640e-02   2.01706e+00  -6.64671e-08 
 6.90393e-02   2.01706e+00  -7.12112e-08 
 6.90145e-02   2.01706e+00  -7.01230e-08 
 6.89898e-02   2.01706e+00  -4.44931e-08 
 6.89651e-02   2.01706e+00  -4.81325e-08 
 6.89405e-02   2.01706e+00  -5.33452e-09 
 6.89159e-02   2.01706e+00  -4.81641e-08 
 6.88914e-02   2.01706e+00  -6.01774e-08 
 6.88669e-02   2.01706e+00  -6.06563e-08 
 6.88424e-02   2.01707e+00  -5.22930e-08 
 6.88179e-02   2.01707e+00  -6.04824e-08 
 6.87935e-02   2.01707e+00  -7.56246e-08 
 6.87691e-02   2.01707e+00  -6.15974e-08 
 6.87448e-02   2.01707e+00  -4.80226e-08 
 6.87204e-02   2.01707e+00  -4.15533e-08 
 6.86962e-02   2.01707e+00  -6.12173e-08 
 6.86719e-02   2.01707e+00  -4.78146e-08 
 6.86478e-02   2.01707e+00  -5.72345e-08 
 6.86236e-02   2.01707e+00  -7.06416e-08 
 6.85994e-02   2.01707e+00  -5.13467e-08 
 6.85753e-02   2.01707e+00  -1.37287e-09 
 6.85513e-02   2.01708e+00  -6.86497e-08 
 6.85272e-02   2.01708e+00  -6.51174e-08 
 6.85032e-02   2.01708e+00  -4.74122e-08 
 6.84793e-02   2.01708e+00  -7.87371e-08 
 6.84553e-02   2.01708e+00  -7.48695e-08 
 6.84314e-02   2.01708e+00  -4.92978e-08 
 6.84076e-02   2.01708e+00  -6.59019e-08 
 6.83837e-02   2.01708e+00  -5.39187e-08 
 6.83599e-02   2.01708e+00  -4.68973e-08 
 6.83362e-02   2.01708e+00  -6.08143e-08 
 6.83124e-02   2.01708e+00  -5.01360e-08 
 6.82887e-02   2.01708e+00  -5.70565e-08 
 6.82651e-02   2.01709e+00  -4.72108e-08 
 6.82415e-02   2.01709e+00  -6.20931e-08 
 6.82179e-02   2.01709e+00  -6.25813e-08 
 6.81944e-02   2.01709e+00  -1.96250e-08 
 6.81708e-02   2.01709e+00  -4.69950e-08 
 6.81473e-02   2.01709e+00  -6.04800e-08 
 6.81238e-02   2.01709e+00  -5.20115e-08 
 6.81004e-02   2.01709e+00  -7.02472e-08 
 6.80770e-02   2.01709e+00  -4.68447e-08 
 6.80536e-02   2.01709e+00  -7.47640e-08 
 6.80303e-02   2.01709e+00  -5.01953e-08 
 6.80070e-02   2.01709e+00  -4.80695e-08 
 6.79837e-02   2.01709e+00  -5.09576e-08 
 6.79605e-02   2.01710e+00  -4.10151e-08 
 6.79373e-02   2.01710e+00  -7.91979e-08 
 6.79141e-02   2.01710e+00  -7.56377e-08 
 6.78910e-02   2.01710e+00  -6.29945e-08 
 6.78679e-02   2.01710e+00  -7.34384e-08 
 6.78448e-02   2.01710e+00  -6.31443e-08 
 6.78217e-02   2.01710e+00  -4.72675e-08 
 6.77987e-02   2.01710e+00  -6.21537e-08 
 6.77758e-02   2.01710e+00  -4.74918e-08 
 6.77528e-02   2.01710e+00  -5.10890e-08 
 6.77299e-02   2.01710e+00  -6.22916e-08 
 6.77070e-02   2.01710e+00  -4.16331e-08 
 6.76842e-02   2.01711e+00  -8.41996e-08 
 6.76613e-02   2.01711e+00  -6.87446e-08 
 6.76385e-02   2.01711e+00  -7.44903e-08 
 6.76158e-02   2.01711e+00  -5.96383e-08 
 6.75931e-02   2.01711e+00  -7.30086e-08 
 6.75704e-02   2.01711e+00  -4.73774e-08 
 6.75477e-02   2.01711e+00  -5.64102e-08 
 6.75251e-02   2.01711e+00  -6.71330e-08 
 6.75025e-02   2.01711e+00  -6.63731e-08 
 6.74799e-02   2.01711e+00  -6.04962e-08 
 6.74573e-02   2.01711e+00  -4.42466e-08 
 6.74348e-02   2.01711e+00  -6.39432e-08 
 6.74123e-02   2.01711e+00  -6.14438e-08 
 6.73899e-02   2.01712e+00  -6.18125e-08 
 6.73675e-02   2.01712e+00  -7.12116e-08 
 6.73451e-02   2.01712e+00  -4.96468e-08 
 6.73228e-02   2.01712e+00  -4.63337e-08 
 6.73004e-02   2.01712e+00  -7.29234e-08 
 6.72781e-02   2.01712e+00  -4.98320e-08 
 6.72559e-02   2.01712e+00  -4.63009e-08 
 6.72336e-02   2.01712e+00  -8.47728e-08 
 6.72114e-02   2.01712e+00  -5.06922e-08 
 6.71892e-02   2.01712e+00  -5.56355e-08 
 6.71670e-02   2.01712e+00  -6.11345e-08 
 6.71449e-02   2.01712e+00  -7.84989e-08 
 6.71228e-02   2.01712e+00  -7.06522e-08 
 6.71008e-02   2.01713e+00  -4.90305e-08 
 6.70787e-02   2.01713e+00  -6.42126e-08 
 6.70568e-02   2.01713e+00  -5.73516e-08 
 6.70348e-02   2.01713e+00  -6.98081e-08 
 6.70128e-02   2.01713e+00  -4.69406e-08 
 6.69909e-02   2.01713e+00  -4.90642e-08 
 6.69690e-02   2.01713e+00  -7.04194e-08 
 6.69472e-02   2.01713e+00  -4.69289e-08 
 6.69253e-02   2.01713e+00  -6.29442e-08 
 6.69035e-02   2.01713e+00  -4.64249e-08 
 6.68818e-02   2.01713e+00  -6.22465e-08 
 6.68600e-02   2.01713e+00  -6.37313e-08 
 6.68383e-02   2.01713e+00  -7.01648e-08 
 6.68167e-02   2.01713e+00  -7.27146e-08 
 6.67950e-02   2.01714e+00  -6.85880e-08 
 6.67733e-02   2.01714e+00  -7.23424e-08 
 6.67517e-02   2.01714e+00  -6.44988e-08 
 6.67302e-02   2.01714e+00  -7.55226e-08 
